0 631
1 589
2 598
3 592
4 587
5 583
6 603
7 659
8 604
9 678
10 625
11 610
12 593
13 544
14 568
15 604
16 594
17 589
18 605
19 564
20 559
21 652
22 611
23 567
24 565
25 588
26 553
27 569
28 601
29 606
30 616
31 612
32 594
33 590
34 619
35 622
36 585
37 560
38 545
39 553
40 602
41 587
42 564
43 611
44 586
45 553
46 541
47 551
48 515
49 515
50 550
51 552
52 503
53 512
54 522
55 558
56 566
57 515
58 531
59 581
60 521
61 574
62 530
63 535
64 531
65 531
66 573
67 539
68 551
69 513
70 523
71 504
72 546
73 546
74 538
75 495
76 588
77 545
78 556
79 548
80 539
81 486
82 519
83 512
84 513
85 527
86 491
87 544
88 464
89 546
90 484
91 465
92 493
93 482
94 500
95 523
96 520
97 504
98 534
99 499
100 529
101 538
102 506
103 510
104 539
105 473
106 543
107 509
108 539
109 503
110 492
111 523
112 477
113 451
114 460
115 508
116 447
117 504
118 478
119 493
120 491
121 504
122 447
123 508
124 494
125 465
126 470
127 470
128 540
129 497
130 436
131 491
132 459
133 440
134 482
135 446
136 474
137 509
138 471
139 447
140 489
141 447
142 466
143 502
144 474
145 501
146 528
147 474
148 500
149 479
150 495
151 453
152 487
153 523
154 495
155 490
156 522
157 525
158 496
159 513
160 550
161 560
162 521
163 515
164 475
165 530
166 578
167 528
168 493
169 525
170 483
171 492
172 490
173 523
174 509
175 554
176 566
177 535
178 570
179 570
180 532
181 518
182 521
183 537
184 604
185 621
186 561
187 524
188 494
189 532
190 530
191 563
192 543
193 612
194 570
195 555
196 545
197 561
198 571
199 567
200 539
201 564
202 594
203 579
204 636
205 556
206 564
207 557
208 652
209 605
210 601
211 584
212 535
213 579
214 615
215 664
216 557
217 542
218 611
219 597
220 575
221 561
222 572
223 616
224 640
225 550
226 589
227 595
228 655
229 632
230 641
231 592
232 628
233 609
234 528
235 638
236 614
237 678
238 637
239 646
240 629
241 584
242 658
243 623
244 664
245 666
246 665
247 608
248 654
249 617
250 554
251 635
252 659
253 603
254 668
255 612
Entropy: 7,992773931931835
