0 374
1 373
2 387
3 430
4 410
5 394
6 390
7 385
8 359
9 445
10 379
11 370
12 403
13 367
14 414
15 358
16 384
17 428
18 368
19 395
20 375
21 378
22 370
23 415
24 418
25 392
26 393
27 421
28 397
29 393
30 418
31 381
32 405
33 359
34 415
35 379
36 366
37 352
38 384
39 369
40 434
41 405
42 379
43 381
44 365
45 392
46 450
47 417
48 405
49 399
50 392
51 432
52 378
53 445
54 413
55 378
56 410
57 339
58 385
59 422
60 390
61 407
62 387
63 433
64 385
65 403
66 413
67 373
68 387
69 401
70 384
71 378
72 368
73 366
74 382
75 383
76 369
77 408
78 393
79 397
80 363
81 354
82 382
83 412
84 396
85 388
86 376
87 368
88 420
89 399
90 358
91 398
92 399
93 374
94 365
95 354
96 341
97 346
98 406
99 359
100 396
101 403
102 385
103 390
104 383
105 414
106 383
107 422
108 380
109 433
110 376
111 405
112 383
113 394
114 394
115 409
116 406
117 391
118 377
119 373
120 408
121 431
122 405
123 405
124 382
125 418
126 352
127 367
128 389
129 382
130 408
131 373
132 394
133 383
134 359
135 397
136 418
137 408
138 385
139 436
140 396
141 415
142 361
143 384
144 438
145 403
146 424
147 418
148 411
149 404
150 351
151 411
152 396
153 411
154 372
155 396
156 438
157 405
158 375
159 392
160 361
161 373
162 376
163 385
164 388
165 373
166 393
167 408
168 396
169 386
170 419
171 393
172 393
173 369
174 394
175 478
176 394
177 436
178 363
179 359
180 355
181 375
182 419
183 411
184 400
185 364
186 396
187 367
188 385
189 395
190 364
191 381
192 418
193 375
194 413
195 332
196 394
197 410
198 377
199 383
200 362
201 412
202 379
203 441
204 399
205 371
206 395
207 409
208 410
209 386
210 378
211 368
212 354
213 379
214 405
215 397
216 413
217 367
218 381
219 367
220 403
221 385
222 401
223 373
224 404
225 395
226 444
227 383
228 367
229 438
230 369
231 399
232 386
233 426
234 366
235 380
236 440
237 398
238 398
239 387
240 409
241 416
242 425
243 337
244 385
245 352
246 425
247 376
248 351
249 393
250 423
251 386
252 438
253 389
254 452
Entropy: 7,9916879455329655
